Letter frequcnies for entire word
a: 0.42226071892594197
b: 0.12126461671719359
c: 0.205716760502382
d: 0.17020355132091813
e: 0.5326981377219575
f: 0.09917713295799047
g: 0.1342572542226072
h: 0.1676050238198354
i: 0.29016890428757036
j: 0.01169337375487224
k: 0.0909484625378952
l: 0.3100909484625379
m: 0.1368557817236899
n: 0.24815937635339974
o: 0.32611520138588135
p: 0.15807708964919878
q: 0.012559549588566478
r: 0.38847986141186663
s: 0.2893027284538761
t: 0.31572109138155047
u: 0.2018189692507579
v: 0.06582936336076224
w: 0.08401905586834127
x: 0.01602425292334344
y: 0.18362927674317886
z: 0.0173235166738848

Letter frequencies for spot 1 out of 5 in the words
a: 0.060632308358596794
b: 0.07492420961455175
c: 0.08575140753572975
d: 0.04807275877003032
e: 0.031182330012992636
f: 0.0584668687743612
g: 0.049805110437418795
h: 0.02988306626245128
i: 0.014724989172802079
j: 0.0086617583369424
k: 0.0086617583369424
l: 0.037678648765699436
m: 0.04634040710264184
n: 0.01602425292334344
o: 0.017756604590731917
p: 0.06106539627544391
q: 0.00996102208748376
r: 0.0454742312689476
s: 0.15807708964919878
t: 0.06453009961022088
u: 0.01429190125595496
v: 0.01862278042442616
w: 0.035513209181463834
x: 0.0
y: 0.00259852750108272
z: 0.00129926375054136

Letter frequencies for spot 2 out of 5 in the words
a: 0.13165872672152448
b: 0.006929406669553919
c: 0.0173235166738848
d: 0.0086617583369424
e: 0.1043741879601559
f: 0.0034647033347769596
g: 0.004763967085318319
h: 0.06236466002598527
i: 0.08705067128627111
j: 0.0008661758336942399
k: 0.0043308791684712
l: 0.08661758336942399
m: 0.01645734084019056
n: 0.037678648765699436
o: 0.12083152880034648
p: 0.026418362927674317
q: 0.0021654395842356
r: 0.11563447379818104
s: 0.006929406669553919
t: 0.03334776959722824
u: 0.08012126461671719
v: 0.0064963187527068
w: 0.019055868341273277
x: 0.006063230835859679
y: 0.009527934170636639
z: 0.0008661758336942399

Letter frequencies for spot 3 out of 5 in the words
a: 0.1325249025552187
b: 0.024252923343438718
c: 0.024252923343438718
d: 0.032481593763533996
e: 0.07665656128194023
f: 0.010827197921177999
g: 0.029016890428757037
h: 0.0038977912516240795
i: 0.11520138588133391
j: 0.00129926375054136
k: 0.00519705500216544
l: 0.048505846686877435
m: 0.026418362927674317
n: 0.059333044608055434
o: 0.10524036379385016
p: 0.02468601126028584
q: 0.00043308791684711995
r: 0.07059333044608056
s: 0.0346470333477696
t: 0.04807275877003032
u: 0.07145950627977479
v: 0.02122130792550888
w: 0.01126028583802512
x: 0.00519705500216544
y: 0.012559549588566478
z: 0.004763967085318319

Letter frequencies for spot 4 out of 5 in the words
a: 0.07016024252923343
b: 0.01039411000433088
c: 0.06496318752706799
d: 0.02988306626245128
e: 0.13772195755738414
f: 0.015158077089649198
g: 0.03291468168038112
h: 0.012126461671719359
i: 0.06842789086184495
j: 0.0008661758336942399
k: 0.023819835426591596
l: 0.07016024252923343
m: 0.029449978345604158
n: 0.07882200086617583
o: 0.05716760502381984
p: 0.021654395842355997
q: 0.0
r: 0.06496318752706799
s: 0.07405803378085751
t: 0.060199220441749676
u: 0.035513209181463834
v: 0.0194889562581204
w: 0.010827197921177999
x: 0.00129926375054136
y: 0.00129926375054136
z: 0.0086617583369424

Letter frequencies for spot 5 out of 5 in the words
a: 0.02728453876136856
b: 0.004763967085318319
c: 0.013425725422260719
d: 0.051104374187960155
e: 0.18276310090948464
f: 0.01126028583802512
g: 0.017756604590731917
h: 0.059333044608055434
i: 0.004763967085318319
j: 0.0
k: 0.04893893460372455
l: 0.0671286271113036
m: 0.018189692507579038
n: 0.056301429190125596
o: 0.025119099177132957
p: 0.024252923343438718
q: 0.0
r: 0.09181463837158943
s: 0.015591165006496318
t: 0.10957124296232135
u: 0.00043308791684711995
v: 0.0
w: 0.0073624945864010395
x: 0.0034647033347769596
y: 0.15764400173235166
z: 0.0017323516673884798

